0 0.565431 0.092196 0.074574 0.041664
0 0.558790 0.161636 0.075595 0.032405
0 0.558790 0.236863 0.081724 0.043979
0 0.557769 0.306588 0.087854 0.063066
0 0.559050 0.379297 0.083176 0.044344
0 0.588057 0.448981 0.141190 0.044344
0 0.635586 0.304071 0.043335 0.045928
0 0.580219 0.517269 0.134699 0.035822
0 0.558085 0.588914 0.086638 0.027225
0 0.527414 0.659125 0.137861 0.090272
0 0.560615 0.731963 0.089167 0.028658
0 0.552077 0.801458 0.086005 0.038688
0 0.526782 0.864505 0.000000 0.001433
0 0.559350 0.873103 0.091697 0.032956