0 0.524726 0.086327 0.074938 0.042987
0 0.511446 0.157255 0.050275 0.038688
0 0.516189 0.233556 0.052172 0.027941
0 0.552710 0.302335 0.146082 0.049435
0 0.518758 0.383338 0.066401 0.048897
0 0.522493 0.441639 0.092131 0.052659
0 0.604250 0.374736 0.038365 0.040121
0 0.554449 0.514323 0.143869 0.051823
0 0.514977 0.592893 0.061974 0.028419
0 0.451281 0.664498 0.243471 0.066868
0 0.504998 0.799774 0.048228 0.042760
0 0.513036 0.730090 0.053121 0.026923
0 0.521074 0.875792 0.067799 0.042760
0 0.870407 0.663242 0.204737 0.065196