0 0.529944 0.086327 0.066401 0.042987
0 0.531841 0.163703 0.062607 0.042987
0 0.531367 0.229258 0.067350 0.040837
0 0.530892 0.308783 0.068298 0.053733
0 0.611522 0.303410 0.043635 0.038688
0 0.530167 0.372884 0.068745 0.040711
0 0.605942 0.377309 0.046871 0.031861
0 0.528605 0.445456 0.064057 0.047791
0 0.627425 0.445456 0.050777 0.033631
0 0.530558 0.518912 0.071088 0.038941
0 0.606333 0.516257 0.049215 0.037171
0 0.671953 0.515372 0.060152 0.031861
0 0.525089 0.590599 0.064839 0.026551
0 0.523527 0.659630 0.067963 0.086732
0 0.536853 0.730948 0.071049 0.033100
0 0.608234 0.727939 0.041169 0.033100
0 0.529380 0.804158 0.064091 0.040557
0 0.603287 0.798925 0.043305 0.027474
0 0.531112 0.871535 0.061782 0.028782
0 0.610505 0.872189 0.051966 0.030091